140510 洪旅玻 0 5 25 43 64 96 
140207 汪桓矶 1 2 98 68 67 62 
140908 钮达浚 1 9 72 69 70 68 
140501 邱嶙解 1 5 66 96 76 63 
140202 叶建林 1 2 71 97 76 92 
140401 巴隆九 1 4 60 89 94 70 
140901 俞法复 1 9 68 97 87 64 
140609 唐寒丛 0 6 90 61 70 94 
140110 班慷刚 1 1 53 81 89 64 
140607 鄂宽佼 1 6 63 94 97 60 
140605 施俭倍 1 6 68 77 95 97 
140910 水奔横 0 9 95 89 48 76 
140109 水昌瀑 1 1 99 18 21 74 
140703 潘弼宽 1 7 60 80 79 87 
140310 邢端地 1 3 91 3 40 71 
140909 周桓环 1 9 19 30 21 47 
140603 柳钽钩 1 6 86 99 82 66 
140206 宓强进 1 2 79 87 81 96 
140105 毕镔百 1 1 94 60 92 97 
140601 麻俚历 1 6 65 77 64 78 
