140301 男 文法学院 巴廖甘 74 72 82 76 78 73 65 76 68 90 
140401 男 外国语学院 巴隆九 60 89 94 70 86 61 95 75 87 64 
140407 女 外国语学院 柏洹博 86 97 97 80 95 74 83 81 87 86 
140110 男 信息学院 班慷刚 53 81 89 64 46 96 76 2 22 82 
140506 女 数理学院 班曝临 77 99 67 84 61 82 74 70 86 87 
140505 男 数理学院 包畅津 93 67 76 97 68 85 62 62 92 86 
140105 男 信息学院 毕镔百 94 60 92 97 96 62 64 87 89 87 
140003 男 艺术学院 博朗百 83 97 75 86 91 77 77 78 73 61 
140210 女 计算机学院 蔡峦彻 27 75 80 77 76 25 82 100 16 1 
140104 男 信息学院 陈慷沥 70 65 83 95 96 73 83 83 67 85 
140907 男 航空学院 成技檗 71 69 63 83 100 75 97 100 89 84 
140408 女 外国语学院 程枫洪 51 89 29 16 77 100 7 22 69 7 
140304 男 文法学院 仇晖介 81 100 67 87 94 81 95 91 70 74 
140208 男 计算机学院 戴财利 78 43 77 21 100 29 16 20 40 82 
140610 男 会金学院 单材洪 78 46 36 67 76 75 3 35 81 57 
140904 男 航空学院 邓进灏 61 92 63 65 76 97 90 63 86 76 
140802 男 商学院 董得管 88 74 92 99 94 88 68 63 70 75 
140607 男 会金学院 鄂宽佼 63 94 97 60 70 77 73 62 96 75 
140002 男 艺术学院 范藩尖 63 63 61 66 93 73 61 88 82 66 
140602 男 会金学院 范斐畴 89 82 88 79 90 100 71 60 75 85 
140204 男 计算机学院 龚贵归 85 91 87 73 100 94 93 98 96 65 
140201 男 计算机学院 郭琛矿 65 99 64 87 100 61 88 99 92 100 
140001 男 艺术学院 杭登陵 65 62 76 75 97 82 79 64 65 68 
140302 男 文法学院 郝矶里 67 83 74 85 91 82 73 98 83 91 
140503 男 数理学院 和策近 69 90 80 78 86 65 95 94 97 93 
140510 女 数理学院 洪旅玻 25 43 64 96 89 38 16 28 48 93 
140809 女 商学院 花陵阜 82 99 77 96 82 93 82 88 66 75 
140803 男 商学院 黄保旅 80 83 70 97 75 88 64 95 66 90 
140710 男 化工学院 计家诀 92 89 91 96 95 93 89 61 66 97 
140308 女 文法学院 焦科皓 64 77 69 83 63 71 89 93 72 100 
140404 男 外国语学院 解琥俚 77 95 88 100 82 99 91 74 74 71 
140708 男 化工学院 赖钧瀚 95 68 96 85 79 68 76 82 79 98 
140205 男 计算机学院 雷留狄 84 80 92 90 84 83 97 69 60 68 
140410 女 外国语学院 雷留君 7 63 14 82 85 89 5 53 23 72 
140406 男 外国语学院 黎辽利 76 74 93 71 74 61 82 99 96 81 
140603 男 会金学院 柳钽钩 86 99 82 66 76 88 83 62 79 71 
140601 男 会金学院 麻俚历 65 77 64 78 92 95 72 70 84 93 
140305 男 文法学院 马绸岗 79 78 80 95 95 63 76 87 98 81 
140303 男 文法学院 马觉杠 69 94 73 82 68 63 90 97 94 97 
140004 男 艺术学院 米川杰 97 76 61 73 77 62 79 86 90 100 
140807 男 商学院 米大淋 67 70 86 66 70 99 80 66 71 82 
140309 女 文法学院 米赋皎 83 34 44 13 86 36 95 86 70 57 
140102 男 信息学院 莫柏弘 66 99 65 62 78 61 64 80 70 84 
140606 男 会金学院 宁湖参 97 69 96 77 83 80 67 65 93 61 
140908 男 航空学院 钮达浚 72 69 70 68 72 83 78 66 84 99 
140703 男 化工学院 潘弼宽 60 80 79 87 73 77 61 92 91 82 
140005 男 艺术学院 裴桓价 63 65 79 68 74 63 78 76 87 65 
140806 男 商学院 齐晁笃 91 91 88 85 93 88 64 67 97 76 
140604 男 会金学院 祁浜复 64 80 71 91 99 93 95 63 74 98 
140103 男 信息学院 钱复阜 66 82 76 66 65 91 95 79 65 67 
140608 男 会金学院 乔恳火 80 75 91 66 74 96 75 61 94 61 
140501 男 数理学院 邱嶙解 66 96 76 63 72 79 100 99 96 95 
140108 男 信息学院 屈霭季 48 96 6 10 35 54 0 27 47 39 
140101 男 信息学院 荣国宏 69 80 84 88 69 69 92 74 95 89 
140701 男 化工学院 荣君锤 87 60 79 75 71 66 68 96 100 78 
140405 男 外国语学院 阮笃璀 79 93 90 61 81 88 91 73 75 78 
140007 女 艺术学院 山按率 95 74 89 75 90 82 97 94 67 61 
140605 男 会金学院 施俭倍 68 77 95 97 72 79 67 76 63 79 
140203 男 计算机学院 双聆粮 92 100 82 89 87 62 68 86 83 98 
140910 女 航空学院 水奔横 95 89 48 76 100 81 12 1 85 88 
140109 男 信息学院 水昌瀑 99 18 21 74 82 25 32 85 24 92 
140805 男 商学院 司径晋 82 85 95 68 89 70 96 84 88 90 
140307 男 文法学院 苏胞按 64 84 69 88 87 83 66 71 72 69 
140402 男 外国语学院 苏嘉瀚 73 77 85 82 95 94 77 89 94 76 
140306 女 文法学院 孙炮恒 91 84 95 77 72 99 72 80 79 82 
140508 男 数理学院 孙谛波 69 78 91 98 64 72 61 79 87 68 
140609 女 会金学院 唐寒丛 90 61 70 94 75 79 93 67 82 91 
140106 男 信息学院 童俭棰 92 60 65 87 82 95 70 80 66 65 
140207 男 计算机学院 汪桓矶 98 68 67 62 84 60 79 86 63 86 
140810 男 商学院 王理磷 89 45 27 60 88 34 89 34 50 0 
140008 女 艺术学院 危耿锂 90 91 84 92 80 61 60 72 91 69 
140010 女 艺术学院 吴祷举 100 98 93 95 88 77 99 72 85 99 
140502 男 数理学院 伍煅居 99 93 88 72 66 84 65 70 64 63 
140310 男 文法学院 邢端地 91 3 40 71 60 10 67 60 27 73 
140704 男 化工学院 许焕广 89 86 62 76 64 100 80 79 96 73 
140202 男 计算机学院 叶建林 71 97 76 92 76 94 84 63 64 87 
140801 男 商学院 俞筹浩 75 79 70 90 100 73 68 65 73 97 
140901 男 航空学院 俞法复 68 97 87 64 76 73 87 97 83 92 
140006 男 艺术学院 袁郸鹤 69 70 94 71 65 89 78 86 84 81 
140903 男 航空学院 张积京 78 65 77 82 98 64 77 64 94 94 
140409 女 外国语学院 甄宽观 74 33 91 38 25 51 14 10 86 60 
140909 男 航空学院 周桓环 19 30 21 47 20 99 65 22 3 61 
140107 女 信息学院 周律枫 43 69 58 98 72 30 49 66 87 67 
140504 男 数理学院 诸秉栊 71 80 60 94 68 87 93 72 90 90 
140702 男 化工学院 诸火管 72 79 63 90 93 63 69 80 94 97 
140507 男 数理学院 祝奎斑 74 100 89 100 70 91 91 82 96 84 
140808 女 商学院 卓葛贵 97 73 78 85 66 62 95 73 90 90 
140707 男 化工学院 邹荆辟 88 80 72 78 62 66 92 97 65 74 
140403 男 外国语学院 邬贵键 68 69 76 71 72 93 65 70 89 85 
140209 女 计算机学院 酆谅卢 24 56 1 62 17 17 11 15 13 44 
140009 男 艺术学院 芮瀚火 80 97 89 76 97 71 94 73 84 65 
140709 女 化工学院 奚留绰 79 60 100 91 64 86 92 89 72 89 
140206 男 计算机学院 宓强进 79 87 81 96 66 83 67 75 75 95 
140906 男 航空学院 贲琮看 83 61 81 74 91 68 87 97 60 68 
140902 男 航空学院 嵇灿处 91 96 85 82 69 83 79 74 82 94 
140905 男 航空学院 嵇鸿连 88 98 61 66 97 65 97 88 66 92 
140804 男 商学院 嵇砥加 91 72 87 61 64 66 100 61 67 83 
140705 男 化工学院 褚磊并 87 69 93 83 61 86 87 62 80 62 
140509 男 数理学院 胥勃雕 9 37 35 5 27 93 94 73 3 60 
140706 男 化工学院 裘顾昂 86 79 71 64 62 100 71 96 100 90 
